MAE: 3576.91352
MAPE: 0.005454153699934295
MODEL_NAME: DecisionTreeRegressor
MSE: 19893887.89544
R2SCORE: 0.9999713562744473
