MAE: 3675.14952
MAPE: 0.005460653584844442
MODEL_NAME: DecisionTreeRegressor
MSE: 20935981.3172
R2SCORE: 0.9999693249685179
