MAE: 3611.11168
MAPE: 0.005446611897231852
MODEL_NAME: DecisionTreeRegressor
MSE: 20198146.06672
R2SCORE: 0.9999706885755831
