MAE: 3654.67968
MAPE: 0.005626212604131717
MODEL_NAME: DecisionTreeRegressor
MSE: 20672468.628
R2SCORE: 0.9999696401816197
